-4,-26,34
6,-28,34
-44,32,20
30,58,-2
46,38,16
32,46,30
44,16,44
6,28,30
-38,-52,46
58,-38,44
46,-62,46
-10,-74,38
10,-66,42
-34,22,-10
-46,34,-4
-6,46,0
-24,60,-2
-8,48,42
-40,14,48
-26,20,52
6,48,0
12,50,40
26,24,50
36,26,-16
50,28,0
-58,-50,12
54,-50,30
-48,-64,36
-56,-4,-20
62,-24,-18
-58,-32,-2
50,6,-18
58,-26,-2
-12,-56,12
12,-54,14
-6,-52,34
6,-52,30
-26,-4,60
28,-2,60
-46,-58,-12
50,-62,16
-58,-24,38
50,-24,42
-24,-68,50
38,-46,50
-42,-34,48
26,-66,52
-6,-60,56
14,-52,66
-22,-50,66
-48,6,28
48,10,26
-14,32,-20
12,34,-20
-32,2,-38
38,0,-38
-58,-32,-22
-42,-2,-6
40,8,2
-38,12,6
-6,20,34
12,-32,46
-12,-34,46
8,6,52
-6,4,62
-30,44,30
-58,-38,30
58,-42,12
60,-26,28
-54,-22,8
52,-16,6
-36,-22,16
40,-16,16
-54,-12,14
56,-4,12
-54,-8,34
58,-6,30
-40,-22,58
46,-12,48
-6,-28,70
40,-22,60
30,-38,64
6,-28,70
-26,-34,-18
32,-32,-22
-26,-76,-14
28,-66,-12
-18,-60,-6
50,-60,-10
-26,-96,-4
22,-96,-4
-6,-92,-2
8,-76,6
-12,-66,6
18,-58,6
-48,-70,10
36,-82,16
-26,-88,20
12,-86,30
-6,-82,26
-25	-21	-10
29	-20	-10
-23	-1	-17
27	1	-18
-11	11	9
15	12	9
-24	4	2
28	5	2
-18	0	0
21	0	0
-11	-18	8
13	-18	8
-35	-67	-29
38	-67	-30
-28	-73	-38
33	-69	-40
-8	-37	-19
13	-34	-19
-14	-43	-17
18	-43	-18
-22	-59	-22
26	-58	-24
-31	-60	-45
34	-63	-48
-25	-55	-48
26	-56	-49
-10	-49	-46
10	-49	-46
-22	-34	-42
27	-34	-41
2	-39	-20
2	-40	-11
2	-52	-6
2	-67	-15
2	-72	-25
2	-64	-34
2	-55	-35
1	-46	-32